1000
0.0 0.0 0.0 0.0 1e+31
49931439.15747498 34357839.86064292 -1890323.0621622275 2747161.9679572852 10.0
13264464.48214142 -79518346.06620885 2852047.154063328 475750.3148388757 10.0
34582465.341744654 -47921539.683849946 2738519.135230349 1976245.8323876553 10.0
-34529213.42568005 48543612.809086815 -2740978.2411423465 -1949665.8202133842 10.0
-94041371.59643464 -8897338.272674004 251599.04655082867 -2659303.1201998065 10.0
99321513.69672328 -7572128.644795051 197740.31655745732 2593704.9514941876 10.0
82019328.19731307 -6655255.928163384 231463.67525370474 2852556.7388103367 10.0
96129003.30112273 -8239743.168273973 225723.92582485705 2633409.2662387434 10.0
62067123.78781292 43303503.299301 -1707567.769519598 2447465.263822275 10.0
-51684460.10944988 -84544413.02728687 2225169.2520434065 -1360310.721027695 10.0
-15067964.097036758 65254117.929165035 -3091047.070022844 -713760.1081959923 10.0
-60278892.348351374 11044063.940698266 -597663.3570257121 -3262067.7815841585 10.0
20395037.52376288 -80831228.05553453 2757002.5038779033 695636.70962745 10.0
60031481.08605074 71161925.75387143 -2056582.0422664054 1734911.817862247 10.0
51007619.23612142 32290306.87850782 -1787223.7024451047 2823200.9824833167 10.0
92533733.78160605 -18339407.802232657 519655.7394563778 2621986.836842469 10.0
25197465.235096913 -52340328.917032234 3069140.8723788657 1477533.1380887786 10.0
79570750.08330761 -1534073.1411555929 56095.08244249371 2909592.5521334 10.0
-24065502.37902237 -49033517.44896142 3153447.789554715 -1547702.6578940493 10.0
57626863.27896583 11741224.033298096 -675861.2537672032 3317180.8966371175 10.0
-21652762.18755474 -74178221.34504062 2835028.235478009 -827550.0688034819 10.0
-51134213.72707153 72589743.30805199 -2252403.1674486026 -1586654.8043168793 10.0
17547860.365606185 83314604.80624716 -2753158.6869643 579874.8528611233 10.0
-96631064.11448109 22607925.940114442 -593686.4287410375 -2537541.5467803017 10.0
25077656.982205547 -70447378.72995879 2828365.979016874 1006833.6554268643 10.0
-65418103.06834884 -2186974.6499616993 107216.82699856556 -3207134.311948391 10.0
-3507360.943920514 -53443070.8223863 3539845.9972306606 -232312.95296339062 10.0
36068151.042319745 56202400.59652717 -2673691.6811538064 1715854.0271037489 10.0
-32647976.695951153 -85859819.69261909 2531908.6812262586 -962751.7960890535 10.0
-31545018.929798465 -46946029.16124728 2865275.013516658 -1925299.2458640593 10.0
55080236.60337236 -60833684.048763886 2124426.3668460776 1923505.1889760136 10.0
72147304.36846274 -60775103.45218863 1722088.077868116 2044324.1664079414 10.0
-50181048.305690855 -47028143.29865097 2140704.929533959 -2284224.082481598 10.0
-42324162.44336179 63015605.428776994 -2473609.224308851 -1661389.0784462127 10.0
-70155279.02163914 39588299.38797967 -1421554.8884323265 -2519168.0719891237 10.0
52990044.20426945 -7206330.346108037 478391.786598367 3517740.750324861 10.0
53022260.400397226 -26202301.98056941 1495587.8339098936 3026430.564766475 10.0
-75116288.88807118 14553070.5358457 -564522.4340443684 -2913806.4118514685 10.0
83275454.04430735 52586699.09697687 -1396759.432207695 2211885.855266614 10.0
13392081.951155802 77249887.29996477 -2888923.658942963 500825.35707744234 10.0
37828885.33868614 32726592.404677607 -2401641.4625406773 2776073.304170231 10.0
-62263786.89543661 -42189042.64346282 1679219.9166309282 -2478240.426626074 10.0
-25039401.15002765 83383479.53180365 -2664818.7296025446 -800224.0436269528 10.0
60240710.41854827 61837351.89361636 -2001433.5488876086 1949756.5006976363 10.0
62808299.27484142 10141600.295987446 -518832.79931807367 3213201.5443427064 10.0
-9292729.344300814 78285796.2956089 -2903561.2113513164 -344660.33110033564 10.0
73136379.87759398 -67097026.93164209 1761671.5224966912 1920238.251690657 10.0
68798683.86869885 -60076469.13911866 1786752.870949412 2046162.9599981853 10.0
3102331.830412856 -70302658.92173898 3091793.0257732165 136435.35058300273 10.0
-56057061.14924185 -23621582.863485444 1292572.142790543 -3067440.3179061403 10.0
-15897765.474816626 80391551.9827233 -2813387.9824178293 -556359.2346588635 10.0
42549358.789140925 -63826625.26453862 2466388.5720662405 1644192.401389405 10.0
-59253823.87989906 -64317101.538536996 2041775.8333177469 -1881039.766027925 10.0
83104858.24714844 -45405924.543035656 1279135.577920752 2341156.6211196776 10.0
-87340616.12350802 -22168960.643227305 672844.0784001078 -2650851.219787463 10.0
52051314.929643 -61872332.13039638 2209359.6535032056 1858667.212914794 10.0
9698893.649304587 -67052948.34144124 3121594.618732174 451523.98175179336 10.0
27584655.573193677 -81917722.196389 2646398.079276459 891137.8096108768 10.0
41610457.48093463 28419361.377654824 -2062698.0426838459 3020117.4495282043 10.0
-83385776.57500146 21515259.576602124 -698948.3970943564 -2708884.578875709 10.0
66241046.3639788 1554950.1441864655 -74847.31184544254 3188503.678210916 10.0
-43547692.046934806 34247641.4498578 -2156159.3507456616 -2741670.942446194 10.0
15649755.880685301 -91388960.3027624 2657473.3050385434 455074.7524155174 10.0
-21664300.13505874 61820989.986644216 -3027147.654372579 -1060821.5001350627 10.0
11219581.134838182 55996268.003225826 -3368448.302297244 674912.4606653198 10.0
-27381150.78916961 93803550.41414712 -2521079.1726353453 -735900.172995504 10.0
-47399328.01711133 61198333.50064839 -2332890.5817436837 -1806870.2134009416 10.0
-34415809.448830985 81105275.56525886 -2546110.6249017892 -1080403.9255345112 10.0
75724478.53985976 36414762.56515029 -1227420.0716498978 2552419.357637028 10.0
48460475.814811155 -31055783.31874707 1846367.7974799743 2881133.6386743663 10.0
35606489.8376817 -76365455.77059396 2563337.827149954 1195193.0538743124 10.0
-22753180.04676687 87821853.15536918 -2638562.7580157407 -683607.6823796276 10.0
-73517706.4739967 -22715638.162931487 873708.700222632 -2827702.189391419 10.0
75475336.36394544 32080956.864527937 -1121433.3194139518 2638342.657606056 10.0
53185580.78964537 67702841.55114372 -2200232.3969361205 1728444.999089765 10.0
60885923.198417224 26364047.22328588 -1266463.7487799546 2924809.453143792 10.0
97883267.4097206 -10749307.63375697 285590.0595874668 2600584.9980858476 10.0
-616199.6384336775 -53510684.420075804 3548677.2785874903 -40864.61759332363 10.0
74169353.55518034 -8444977.287382448 339935.1697380481 2985534.5884484104 10.0
-50405458.61689265 -76860582.86681287 2264426.2956896056 -1485019.2606029464 10.0
35520264.38283583 -38635511.141673796 2638136.7922986774 2425419.3505274747 10.0
-81050201.19524536 -768341.7092611766 27335.306103115967 -2883524.3911482855 10.0
42547924.9701923 -75367030.26277103 2430119.2471320378 1371906.668407881 10.0
-87445315.41737847 39049734.87711858 -1081721.4765640453 -2422333.3656311645 10.0
17174724.74328064 -73340588.70634478 2912514.320948277 682045.6810544004 10.0
-54349975.672637545 66796685.21435467 -2170051.286821315 -1765689.9330951883 10.0
-78346880.09332599 54211476.23590834 -1513422.562141439 -2187210.978919818 10.0
-59309116.86801704 57717889.1362972 -1990322.8510659589 -2045194.17368507 10.0
-86367246.15539406 34814864.948104136 -1005839.4113859318 -2495243.91852326 10.0
-38055912.06260762 37270610.478291035 -2488924.219446536 -2541366.508630765 10.0
-56109703.958699815 22828464.57627402 -1257062.9136773162 -3089714.0588772376 10.0
-8048682.12024364 -66558469.39786473 3147746.057131717 -380645.88381168887 10.0
-89678581.02826874 31072098.915912844 -872447.4225266898 -2518009.7130128304 10.0
-39611293.8143265 -40668416.89783247 2468280.6570030996 -2404120.8824624703 10.0
-58240942.44403036 -14950546.026972545 832450.4023705765 -3242871.2559732716 10.0
-64850928.561245054 15277749.533924203 -729325.8691309395 -3095839.458020609 10.0
-85154299.82143043 -35261403.978339784 1034597.7473047031 -2498495.148482436 10.0
728401.5901240315 77839374.61947642 -2942400.311846993 27534.253408486755 10.0
22339974.190660063 79779582.1254188 -2746601.0048310496 769106.5047634147 10.0
-74227298.59508441 -60549400.89242978 1676689.0213233514 -2055447.2018306702 10.0
-31368777.664989613 -78808577.12234846 2619025.6426285026 -1042470.7066462494 10.0
-61421933.35170482 23142157.554187465 -1129824.2511064028 -2998682.801640524 10.0
-88080824.20855097 36459745.00697009 -1016971.2108173837 -2456837.3264277857 10.0
-70939907.58040056 38760386.65193653 -1384496.705213287 -2533929.0135355913 10.0
-43810873.2761055 89238059.51267228 -2337325.91418414 -1147495.698477592 10.0
62175849.19724434 23583980.68639014 -1129093.823334165 2976697.1158383586 10.0
77560820.55881847 33647978.844848484 -1123716.005225128 2590239.842999727 10.0
89244931.38713758 41086609.25511956 -1095320.9000421327 2379165.386079593 10.0
-33989856.86698314 -42664892.37995143 2749282.1778232986 -2190271.7315905713 10.0
-33578181.32144243 -85822713.30921929 2518460.2704715333 -985348.893690336 10.0
-9673837.720353017 -66572583.357842796 3132391.291601199 -455176.0424965863 10.0
-45653993.47047317 37601972.96340773 -2146137.4072063174 -2605707.50557914 10.0
-77411507.80692868 -6819994.143242535 258456.38923060978 -2933653.368676278 10.0
-14922911.79357085 87491003.73204558 -2716485.8912056466 -463337.6874620727 10.0
21874632.452843253 74112436.39152965 -2832548.806611593 836040.036816951 10.0
-79161287.13524543 50092549.73808255 -1434296.87961741 -2266620.240300159 10.0
-26527248.113510918 -48891855.7909074 3059601.1884536794 -1660047.4361539325 10.0
81025889.36220583 -56274997.369786255 1491047.6104705755 2146840.7706160876 10.0
-51859898.38505723 -37104192.56097653 1891750.1246709821 -2644066.9494190034 10.0
-142523.17077097442 -62557705.076087154 3282372.4097230756 -7478.121566574538 10.0
64134918.549582094 -35149614.39669204 1459013.3602346694 2662154.4681926556 10.0
-26891751.975837752 44752277.74871003 -3079702.368663315 -1850600.6045665715 10.0
69191948.57393613 13098900.497432027 -575456.0840586884 3039715.2633194937 10.0
8487869.027490085 -81627523.6700847 2850418.9776916676 296394.9151992443 10.0
43663106.1464372 -85515924.12210377 2359655.110436008 1204803.3464368505 10.0
35319746.47072619 -83293933.26217695 2512839.9536806066 1065538.2284103553 10.0
64550089.89153362 -57408600.66217519 1856287.8843561434 2087205.5479084682 10.0
-38081698.88126974 67107002.93994257 -2570484.1614934406 -1458691.3366503878 10.0
-57947425.38531615 57235011.83694597 -2021493.5778343878 -2046655.4388451842 10.0
-25858727.26953895 -78778367.55525246 2708921.2286409778 -889194.044252837 10.0
29495382.30500758 53206498.84338515 -2911141.5089973784 1613810.9745691235 10.0
-42001796.740469985 32302474.086616714 -2174273.7435863023 -2827133.4137247703 10.0
-4897632.194855442 -55849119.62270649 3454033.0962628317 -302897.9473380154 10.0
-45943895.141003065 -88084848.54107387 2309407.0569865117 -1204556.2593503809 10.0
33815963.10758622 -76589376.74130243 2595586.0689171073 1146010.6673218638 10.0
-63360852.3670571 -18624410.777033895 900923.8830550364 -3064972.4080719077 10.0
-53101974.28582653 26300331.86405548 -1496818.5468840643 -3022167.9482233524 10.0
54986897.36959217 -38496753.364626735 1817366.629249907 2595838.4432831053 10.0
-10775307.098587457 -72270700.85612233 3003913.5141830603 -447872.93093169853 10.0
-40827095.77263605 -30744012.807183154 2184514.2190763447 -2900967.150848866 10.0
16471095.069848992 -87437099.64946628 2704730.479917769 509507.6695320806 10.0
-47865368.92852043 -37237959.146687575 2047049.556169184 -2631260.8012439334 10.0
67116337.49416894 -44590317.43670799 1600447.817184302 2408957.8638325552 10.0
-26104052.94880886 93784886.5299855 -2534887.7552761855 -705559.7829385891 10.0
52957023.27447058 -50347725.972086355 2092638.138508653 2201090.2074800357 10.0
-69646673.05088453 -36785205.93038644 1366184.1746101736 -2586642.6496682586 10.0
1646638.5278658266 -63516860.01588116 3255866.598313864 84406.49271759631 10.0
9769969.873749346 -85120119.8610498 2786446.861995341 319824.52492944745 10.0
-54440316.684644915 -59152583.42265253 2130538.207528795 -1960813.340946762 10.0
16808880.625189632 -96506877.33664834 2584143.3418195974 450087.68441966 10.0
-59112701.95127884 -31920668.200488683 1504996.7364525697 -2787047.6570476717 10.0
-66017513.02500516 17065781.715817966 -786860.4873451791 -3043902.315006404 10.0
-56240682.30910375 -37830785.30573482 1760026.1112377523 -2616521.6655664938 10.0
-77938764.52520588 12583766.557669008 -465723.4361222027 -2884502.748477708 10.0
-76495392.04025194 19588194.023855597 -724743.5213901133 -2830252.739474199 10.0
-23835096.913605247 -96515080.96187235 2527839.7785035665 -624268.306074372 10.0
8034033.517510688 72701919.81322408 -3017195.83416009 333419.7022968658 10.0
-3117248.6430519777 -65975887.00540255 3190883.8792791525 -150763.84561536642 10.0
55461801.76922665 44051659.145258576 -1918614.4094646054 2415568.7688953034 10.0
-41199126.25800572 -31482641.24218918 2189099.9201523676 -2864721.6511455644 10.0
10547703.77543552 72834967.21393275 -2995019.603359125 433728.204820437 10.0
-2558832.395782587 -87819908.32611279 2768579.7956897067 -80668.85751249945 10.0
-78683783.62502253 24898474.877409317 -862166.4074871877 -2724605.2374491245 10.0
-1087940.990886798 64570833.28894852 -3230124.7806601496 -54423.72315119041 10.0
1742604.570872513 -90628063.89854567 2726328.566247244 52422.09109267964 10.0
11856815.720612023 64270659.35230206 -3158075.5455378317 582609.8588775742 10.0
58494814.28028207 -11881511.268644743 668893.2382044588 3293081.5665984945 10.0
44256507.489821665 26075871.13517946 -1838822.8873916015 3120888.2137214867 10.0
-3906052.1828488256 -53540392.59977766 3533947.8086728305 -257820.0099376495 10.0
-5382213.210836922 98800043.59849639 -2606070.724331899 -141967.8349320886 10.0
70110524.38330588 24837252.31879737 -1005193.8104256728 2837458.1959076263 10.0
73831165.06109285 -16050898.593198901 634494.6510314806 2918558.0507333814 10.0
61004455.89475544 66685494.59367388 -2014905.2875708912 1843252.4418794457 10.0
-85524613.9808637 46648406.604366034 -1259501.805817932 -2309155.094285633 10.0
-95200531.33118357 -18433080.084316216 501165.0952091457 -2588345.687769725 10.0
47615849.40197424 40296347.19305732 -2123460.9943056605 2509170.3332664645 10.0
37456425.20011879 -45840657.86671046 2612914.573520234 2135013.8464839645 10.0
-47538188.41435498 83032982.43287039 -2303349.0410851063 -1318717.4239785094 10.0
38859108.06674183 -44441983.939300515 2543665.876216317 2224126.341987269 10.0
7313409.972584035 -71483027.80844483 3046749.763926948 311712.17547165847 10.0
89704726.66191843 9155253.32834876 -277588.8974325128 2719863.1512972037 10.0
-5690764.884132435 58252652.04518012 -3377367.375687423 -329938.6892715174 10.0
-35889982.710061684 42932677.04453941 -2662709.728323942 -2225917.7086096513 10.0
56743229.071609765 63797223.53683725 -2099381.9180162465 1867255.383206556 10.0
-732010.6066182839 87632281.64309993 -2773161.497601152 -23164.792608926968 10.0
7046590.848540179 54758897.25704306 -3465396.8842377365 445940.9373494733 10.0
-90848438.3056238 15588540.790789206 -457306.75260333554 -2665137.4787547356 10.0
-9985231.293251196 67365963.61890294 -3111938.399714525 -461262.9734992805 10.0
64331963.262303896 -43398241.29095189 1648147.350511768 2443153.2626667167 10.0
-72446045.0279953 21577944.687886532 -852378.9770157948 -2861787.1925711725 10.0
-50682045.17918977 -77903163.36598417 2257310.2814684417 -1468555.277163331 10.0
46141574.495214164 -48482491.65893092 2298717.9044983177 2187727.1527226325 10.0
59323522.77348523 -73138172.59020779 2077721.9610582108 1685272.9800130352 10.0
-62638335.12304346 28566903.116481874 -1298329.2769564083 -2846832.364658145 10.0
-35649308.27784395 46922219.00143959 -2692901.3155413955 -2045940.520344987 10.0
-1861053.8625889618 79794373.89181815 -2905137.4109213385 -67756.87227368834 10.0
-49355410.43948519 34290661.21505085 -1910787.9671065793 -2750245.140737655 10.0
-7858566.230696673 -57226774.57224779 3384115.4723368273 -464717.70898269804 10.0
56203767.00995349 -5947459.432781061 363401.083044591 3434157.06041266 10.0
16238406.809564255 -80328714.94992496 2810922.8139689066 568226.5450401664 10.0
-9409302.085675333 -50528632.13281258 3560062.5272918027 -662944.9947335585 10.0
4174995.0916760494 -82447214.02867536 2853696.587141865 144506.63233212708 10.0
80891627.15449053 -33767546.52251649 1068197.4757249756 2558913.537769021 10.0
54809348.30978005 33061423.567286007 -1676070.548111573 2778595.8543572854 10.0
-36234102.128678106 61628643.51847381 -2646873.313569704 -1556209.4586230533 10.0
-17588078.17894312 -54324401.59922866 3268613.979237221 -1058247.0586188082 10.0
-97129198.13278952 15507919.052567702 -412723.782646335 -2584971.58276905 10.0
55417540.86079706 30384826.812382612 -1570011.4375711877 2863474.375903395 10.0
64832883.07444698 62459472.49709227 -1898383.9580259589 1970521.0476574646 10.0
-42249275.04232349 35568235.927742384 -2249865.967293915 -2672474.571234582 10.0
40553338.5134365 68690984.21104805 -2503121.82450137 1477776.8560935582 10.0
71630405.30808567 -26686692.634461194 1036674.742884653 2782564.0675155343 10.0
36716282.365413636 60635148.66780834 -2637675.474921828 1597186.444715892 10.0
-14808341.885961194 -49271666.963752426 3466280.4499228396 -1041772.465560025 10.0
-29389864.907078035 47284291.883313395 -2955091.3960899827 -1836756.6365058003 10.0
57713178.75613414 15925894.713742541 -892518.7253515717 3234360.999194846 10.0
-59636140.10801932 17887638.23318596 -945275.5387956378 -3151482.8138527046 10.0
43915723.82543128 -38622535.95375485 2241937.1490557543 2549192.854394519 10.0
20406620.284342095 -89504920.14205912 2641803.0287972703 602316.288189814 10.0
-20204670.858739387 -52786682.3173773 3225043.463234931 -1234420.1002823752 10.0
57226980.82191539 -52495448.59632272 1991479.477355366 2170975.978017205 10.0
-62420694.35352913 69688928.87799013 -1999310.002642502 -1790791.1715990836 10.0
-1150155.810711109 59233813.18491655 -3372269.850442717 -65480.09583080901 10.0
13799902.035910288 62530616.10537023 -3168063.1703765187 699160.892979218 10.0
53248405.81705837 59986406.93844633 -2167874.1527380967 1924366.6780002606 10.0
-45269458.548976645 -43935028.490489125 2276462.108585973 -2345604.6485837013 10.0
52313735.900696255 -43665535.25715361 2015307.1580922748 2414449.8814989324 10.0
81257808.44548497 -12020910.478949696 419197.00205835456 2833648.0630005933 10.0
-52969426.65062379 358726.4736863402 -24156.86264098144 -3566993.956764627 10.0
-84213042.92803249 2533781.7667500274 -85061.95919882448 -2827128.4115921487 10.0
-25189435.420668434 55218230.97389888 -3031876.907359223 -1383080.6640191176 10.0
50064152.66333098 -40093108.78230882 2026334.8937981331 2530278.7075196304 10.0
-58299397.054683626 1997717.5576537158 -116408.7711627275 -3397157.493391785 10.0
12421163.18369534 -50969020.039164335 3482450.577360325 848674.0939360595 10.0
11222470.607234417 67212280.48595507 -3102052.094471098 517951.30593116005 10.0
-2001285.5708154961 73955015.57486288 -3017224.9972954774 -81648.67256202264 10.0
-7513240.304349916 -50036847.221138895 3609298.1030548704 -541951.0917312413 10.0
31589483.11236272 -87493396.76490086 2531806.8899787744 914108.6522181123 10.0
-69581760.14667879 56433836.9034565 -1727742.2606474913 -2130270.6704369243 10.0
-66956325.313355915 -48745197.29327451 1679015.104953636 -2306292.4721985897 10.0
50539363.99128295 75012098.22246635 -2263887.21854401 1525292.8912064624 10.0
42909912.3314698 63385237.51266667 -2457272.311244166 1663499.9502678257 10.0
-50700017.82273232 59008500.361932024 -2232511.47900534 -1918170.620855942 10.0
-20146856.24311745 49045063.4423145 -3297943.6051867665 -1354737.685062942 10.0
-51249730.69466428 81417141.73375228 -2240027.871976292 -1410032.6140500589 10.0
-95295284.06987254 -29953018.90189327 778889.2304495702 -2478029.7010384034 10.0
-35062327.976261646 47699754.26988547 -2718717.8791792467 -1998429.120103266 10.0
-89309258.70080997 -10494117.443809383 319495.45327451185 -2719037.8078966937 10.0
45881368.113587074 20262135.80200285 -1480904.242678894 3353344.0582609745 10.0
7943882.658897862 -88736245.36757313 2739551.1669594273 245251.22646585546 10.0
59126659.30075215 -37481303.434765406 1661283.4473452407 2620670.3447258566 10.0
52927738.31452081 41263548.89152887 -1948479.5952966881 2499266.808149363 10.0
-70488914.5811587 39977258.4504864 -1422735.6949843778 -2508603.610213273 10.0
-59027230.03656989 -48741041.04149406 1889326.1280733638 -2288044.850764433 10.0
-34233090.826783866 -83030397.69081917 2532651.0914891916 -1044201.6087933229 10.0
-58527154.223021895 -40799940.83290413 1757709.565974704 -2521418.824316463 10.0
-46187271.16246571 19240703.98339131 -1411381.046374702 -3388017.3593826643 10.0
-39573227.48767734 66291660.94861146 -2536997.3766833423 -1514476.676047645 10.0
44054643.90955394 38174464.920581326 -2226771.498581724 2569770.8047001953 10.0
60124366.829144046 -47696941.88411351 1841778.735542266 2321653.67295263 10.0
-50951851.88757064 22203455.64937468 -1391163.4606231705 -3192401.9268175615 10.0
48222952.74806201 32923409.73977037 -1915692.9356956126 2805917.450471521 10.0
21466137.137667663 -48864184.901055545 3253554.053856885 1429293.0015373647 10.0
15411077.812886821 -50937507.05314032 3406297.984800717 1030571.1122234259 10.0
-32597258.870402053 55111640.37116029 -2792514.189165203 -1651707.4670694026 10.0
67093147.73831572 -72434200.45468709 1916814.8552643124 1775475.4171918929 10.0
-62064799.63875983 -7082741.717228884 372433.57602690434 -3263568.85478811 10.0
-79177440.95868392 1314661.5432734604 -48434.177523603554 -2917020.164527507 10.0
-77101986.37540509 20650245.077321023 -751781.8576686727 -2806933.9773068903 10.0
-55029240.25401957 53800286.9644574 -2068832.7866326305 -2116090.8776603965 10.0
88128573.71930364 1418024.4885197848 -44489.1643468766 2764949.852133125 10.0
56877859.12740397 -40366817.66989948 1799165.2859296217 2535069.039052028 10.0
45337051.2585497 -50322862.822834775 2343630.708166587 2111432.052690087 10.0
78810934.85831726 -56202818.93089713 1532096.5128740733 2148396.8379101055 10.0
5033703.656860259 -57009015.76396503 3418445.095554332 301837.1629061618 10.0
2821583.239784507 85057678.0508217 -2812645.214385478 93302.71855796913 10.0
-72193384.00339563 6855667.385359595 -288210.26174758584 -3034988.8538198485 10.0
58991605.99518198 -14028494.249897677 771325.6476845192 3243522.6398239844 10.0
-899095.7132002045 82438621.27081169 -2859076.970686142 -31181.790869705877 10.0
24009763.08801313 53931406.125095576 -3086835.6181183495 1374230.6609019607 10.0
-93615960.79734814 -3133168.585289836 89727.22126401798 -2680960.120609103 10.0
30409426.094544224 -55213776.38598417 2864272.608476537 1577520.8997333662 10.0
-55934770.94232579 -34069863.90970562 1668778.972216 -2739745.8883796977 10.0
-49064303.82343186 -44898044.119233206 2149113.4197088126 -2348537.8003456923 10.0
-86757794.81515408 -8922345.78285455 284393.2944114788 -2765341.7255773484 10.0
48668492.400687814 -73158020.42870378 2305943.285760509 1534032.5315229539 10.0
39643816.29702594 -41313071.675384365 2475544.708382391 2375520.281457578 10.0
-59636417.00326681 66538382.3414951 -2045231.9133053485 -1833081.883840796 10.0
16352807.034844182 60662359.98092312 -3162431.7440746855 852499.5744969716 10.0
72717629.25000924 -24756140.11733293 954627.8953308054 2804083.2308821497 10.0
13726321.482275931 -70399190.19522429 3008797.085806683 586650.4424296512 10.0
53329449.22344608 11854540.531925283 -762174.4874505756 3428757.5733903353 10.0
67613423.6232131 -54448810.92321599 1747639.930949521 2170183.6456771893 10.0
-15114392.061921762 -96640507.27544546 2593456.5517215733 -405611.6862730825 10.0
-34704933.77167306 -85719760.84192757 2502351.589585918 -1013114.6580094361 10.0
72066431.16869244 -13650786.173579138 564164.9277617893 2978389.113809939 10.0
5593613.2856429955 -59174321.73228641 3352476.6003970485 316901.94501302694 10.0
-44293087.114571735 -26122437.49024961 1839143.4963248444 -3118443.412079 10.0
-75140429.29219232 36973640.88073292 -1252529.7594669682 -2545478.9300081707 10.0
-39168651.9768722 42690057.84102935 -2513214.966202645 -2305905.574567955 10.0
-92863198.49240988 9870479.81942732 -283951.0625022751 -2671461.201651021 10.0
56171855.64533459 -64428129.90199858 2116577.0084673967 1845343.9260570044 10.0
-32971343.757879093 -92978672.68818386 2463524.7304743915 -873595.1847463845 10.0
-32272368.365901146 57648169.29738838 -2787025.386788634 -1560221.4436952749 10.0
-34196531.751724176 67608982.27638657 -2661515.6229318134 -1346191.0007050335 10.0
-1704087.3740963133 -70028827.12741734 3100978.135995373 -75459.462990628 10.0
-74538362.81781739 25604055.815727483 -950034.7701381014 -2765735.1200819323 10.0
-1412687.062751051 66289732.62679694 -3187564.063970892 -67929.53201687134 10.0
75245877.17218429 57177800.55992463 -1615747.4075602363 2126320.526147797 10.0
-70205683.34935747 -21272829.16208333 878993.140443053 -2900898.3061921387 10.0
-6566802.833860586 -60316384.10460053 3313402.165293456 -360738.77855534916 10.0
-27698613.751639474 87038732.9953159 -2588526.481822523 -823755.0425940924 10.0
2345679.5508262212 -90710000.61889912 2724486.301962701 70452.78096590118 10.0
-80438154.25431062 -8668984.583725788 309274.1688786077 -2869706.718573866 10.0
60234654.2932358 22258459.78902297 -1122957.9750121671 3038888.856274233 10.0
-73760776.93836041 10396587.028260617 -419831.3713183866 -2978582.1103949696 10.0
-13010277.240137361 50142619.19470233 -3491441.316952438 -905908.3915189799 10.0
40900055.36878152 -62209848.4241152 2514128.652723965 1652921.5824417556 10.0
-58419874.83334185 -55154439.95627413 1988353.4633514474 -2106074.5163131612 10.0
58606903.49302743 18714512.743338432 -1006836.3272534001 3153037.4460654003 10.0
-21331823.761833254 92750318.5717342 -2593480.8702549236 -596479.64239795 10.0
-41038894.644426465 -71100127.10280235 2481609.736581154 -1432381.6943517514 10.0
-28194441.16951451 59877901.31195737 -2887150.356719332 -1359459.6520003695 10.0
86191460.95417565 17427616.92205217 -548681.1156612497 2713602.62096244 10.0
21074041.3360116 -67302048.96623847 2950188.652461982 923781.6465618223 10.0
79615553.57715805 32194620.44859989 -1050233.8203822481 2597171.3854704746 10.0
49520137.485149436 -22511436.522362854 1456711.2231599411 3204439.662274776 10.0
32674869.068863116 -67053112.036706775 2702229.2596276496 1316791.7874423068 10.0
-9815130.835365513 -52040325.92780665 3505698.9588970994 -661196.7419019185 10.0
27493874.733736213 -60135352.23128189 2903599.741605718 1327525.4007922637 10.0
-5247888.503435822 91816532.15178695 -2702758.0082980767 -154479.5076323358 10.0
-25243002.799864944 95481837.16137116 -2525596.5257087885 -667704.3725294885 10.0
76045426.73994765 -51238068.38641157 1514933.6690169487 2248402.0372177167 10.0
94315838.40406804 -24396214.856947675 658688.8892645969 2546493.18358264 10.0
-36752002.47091377 -42144599.45537125 2616608.728125592 -2281801.504444721 10.0
45560949.13371337 -32259832.519976094 2007899.789953951 2835781.0022428944 10.0
-60895577.875916086 15337108.987854732 -800133.0455286049 -3176906.6923672156 10.0
-53323626.08425708 533518.1623122892 -35568.622015483175 -3554982.8190773316 10.0
50733171.186324894 -82032651.58420752 2248236.836353304 1390424.2040625678 10.0
3350929.253003213 -69566344.94423544 3107244.882970955 149672.34203461933 10.0
-50977655.94208726 6987056.679572799 -491464.6345432037 -3585732.3328567757 10.0
-707897.3460323628 -89555560.08425799 2743236.938331108 -21684.08244396527 10.0
-50783812.49526432 7771075.956736283 -547878.1936760322 -3580372.0891145496 10.0
75499654.3461372 37950897.80144988 -1268402.1638483724 2523363.8857098664 10.0
7189610.502154244 -67948320.70133923 3123303.277632047 330476.65953330253 10.0
-47967362.12029018 61476757.27872446 -2317924.644204045 -1808565.3130985554 10.0
40915628.950193465 -54768839.863853 2515456.7492035623 1879198.011981265 10.0
40157669.751912735 61906008.654593855 -2535506.9018376404 1644752.2789879562 10.0
27796406.76543617 95299493.70836127 -2501440.494509339 729605.7384910844 10.0
-60700962.20596079 -32796404.22508073 1485718.4962172797 -2749830.1846948895 10.0
-62713331.75050462 23989733.115926087 -1131966.3821147466 -2959156.857182909 10.0
57192928.098674424 36732880.594080836 -1701687.458434465 2649519.636974545 10.0
-84652994.53971922 37104033.728849635 -1084050.254198623 -2473264.7916418985 10.0
87096239.00777617 -6068533.115429265 193124.37804448084 2771741.81444677 10.0
10957408.82696948 -61798631.87427593 3226696.3769343807 572119.969168581 10.0
-45439630.735850796 30055426.33482807 -1940417.5107745468 -2933641.8050008197 10.0
50047878.05509745 73562485.76649667 -2275608.5971441157 1548199.1994195215 10.0
62824811.77554819 -3451325.0033547296 179530.1893972155 3268005.866137007 10.0
-14883825.206423216 70452895.36818725 -2993356.956570649 -632374.3188863473 10.0
-32771007.48806339 87351179.69761921 -2516536.8371711397 -944113.7237116275 10.0
52801308.91042389 -36958306.48958429 1854387.1245932542 2649311.527105702 10.0
-56582725.94292625 7278306.642866333 -438519.814341375 -3409123.5355878384 10.0
-53323454.072191186 -366259.8900923415 24418.924509076296 -3555129.662775106 10.0
75768703.75100991 -30171751.97805426 1063540.2966365884 2670811.748742062 10.0
-62325259.96141056 -48850587.29552772 1799726.8466570277 -2296153.430026377 10.0
-67004382.264167495 -4555358.9069217425 214879.85028829594 -3160649.2317667576 10.0
-74375685.54398642 51976704.04806841 -1561195.9787095657 -2233981.9985056156 10.0
3588058.8086284855 82817501.37203543 -2848774.4566551326 123422.82867336954 10.0
-89341735.67353117 18568536.2402781 -553033.5905815719 -2660897.9958876213 10.0
53991244.4601734 -1610594.529289014 105327.41882418944 3530844.2408569846 10.0
56396217.518620715 41835152.311059155 -1845818.4738600107 2488270.6145706926 10.0
-6155719.836431131 92103185.31111361 -2696130.4006994064 -180195.97621004016 10.0
61343835.33863347 30499721.754444286 -1396423.4945779622 2808614.898327961 10.0
-43222206.58346767 29338716.812682305 -2017335.0136821324 -2971966.063346721 10.0
51616154.044132404 -73811603.68539685 2241781.946220265 1567668.9909442114 10.0
-20182285.734306987 90017461.97050418 -2637494.8808991746 -591337.2155118204 10.0
-55169153.665372066 72147036.0029042 -2163984.593198073 -1654748.4853963566 10.0
36959784.326361045 -91080654.9794702 2426417.6074592564 984620.4057007842 10.0
27478416.655110538 -70349023.82204044 2782598.9350449145 1086886.6228286678 10.0
54964272.912395746 -30458900.922646873 1587427.8961574282 2864575.4597229543 10.0
-8408325.208013896 51755883.17274252 -3538870.0639022156 -574929.23590696 10.0
56588231.60890335 -38085842.78144002 1755135.189938011 2607793.063766711 10.0
-65857212.624645524 -13662067.26798962 643009.0030945248 -3099588.064214591 10.0
-94154253.48088008 -6189707.587860406 175321.63457437695 -2666891.3495644107 10.0
33720146.7586049 38363425.372076415 -2728454.075890714 2398218.38041906 10.0
63396452.26910351 -50834024.38693295 1801640.758333146 2246873.6976704677 10.0
-56871431.98991671 -60630167.81535998 2076789.17500746 -1948039.7066278635 10.0
-49334751.59989602 52361843.98840556 -2227764.5627826676 -2098975.1879683672 10.0
8364365.822999079 -60645097.67551994 3286958.1127736266 453347.7750702222 10.0
54120005.4194535 -50932113.57684558 2063892.6787454542 2193073.782228699 10.0
-10900239.508526588 -81279117.29909374 2841413.0856226664 -381058.31122619694 10.0
56560013.42718178 -50114348.60485499 1980557.2588767007 2235294.8461653995 10.0
-23777861.750743523 -54496649.03340722 3085905.844324753 -1346435.860619334 10.0
-50862701.95480591 -20523944.079100873 1311763.918243052 -3250830.198694814 10.0
71404014.56592885 17921125.35462145 -736569.596638763 2934750.1993590915 10.0
-3927027.5560061582 90818137.0992582 -2720415.2884710194 -117632.2939759287 10.0
-57093146.37638329 -28772142.21943408 1461206.9475353796 -2899502.633678645 10.0
-10920468.61501989 85608664.43971416 -2772129.6828509187 -353620.22520111606 10.0
29345725.303712066 95395583.40449184 -2483790.857717289 764067.2830039097 10.0
-28632922.55158779 -74894639.41034012 2708136.2826258303 -1035345.8812282452 10.0
53139846.06197599 71558270.15287271 -2207713.710202413 1639469.0153694332 10.0
59847457.10228938 6099447.530869556 -339379.8759800619 3329977.4227587203 10.0
-83063445.23381831 24448680.05933278 -787785.2280214546 -2676469.85379042 10.0
69428589.37823707 -31189120.02243131 1219411.6790115936 2714473.2741492344 10.0
23171736.51077207 92929988.5153934 -2573981.412913555 641812.4013194947 10.0
-34544122.8724192 71008012.23925434 -2627164.559064772 -1278068.3823202248 10.0
28323515.59570745 -78646246.84057087 2671583.447026186 962139.1797687823 10.0
-34583823.23419771 -57231497.954496615 2717228.8313258504 -1641965.7871641568 10.0
-69057170.16897048 22686215.29089441 -950379.7903374705 -2892969.9407740077 10.0
-52667808.50574948 -31260310.33996171 1693182.6629091674 -2852697.855061161 10.0
-52571335.579155385 50534948.761639595 -2106878.7298226464 -2191778.7876371318 10.0
56024594.42806857 -69980690.81960565 2140553.6089983517 1713667.675913733 10.0
82305760.20746352 6570429.499662463 -227357.46052839558 2848037.351072605 10.0
39900211.51794264 -82577028.80122077 2440921.22588254 1179423.3169347136 10.0
-18806309.04995721 96454401.10674083 -2570490.3679939434 -501184.34945166984 10.0
-3316768.940141087 -63925759.11451809 3240532.128189088 -168134.04269556617 10.0
18058796.545739852 51976683.355697714 -3306011.34040531 1148641.7046989892 10.0
-85775299.10499503 -7277756.241738967 236563.44515189008 -2788125.8441768032 10.0
-17571404.369043212 -66171970.599361055 3032488.5621391055 -805251.563270796 10.0
70506803.677628 46850194.886229575 -1561625.6131368368 2350155.2296798886 10.0
-52796424.3949875 6681957.397617495 -446838.8746750396 -3530626.35088541 10.0
4060716.5037948 -53186381.14662998 3544349.7240156517 270606.8566660293 10.0
-44801569.525939085 -24916237.008689787 1762355.195036749 -3168868.508206197 10.0
78048293.49645828 3773260.1134361476 -141821.20462328076 2933511.7828330956 10.0
64649577.12602998 -42874072.155854166 1629104.2111169854 2456517.261996699 10.0
-79589213.34952697 30660218.71414725 -1010539.2783840165 -2623204.5823036283 10.0
-79322058.53287382 -40045384.27555043 1241202.5576883552 -2458579.027601431 10.0
29732781.63340465 88691011.57141767 -2545062.985172003 853207.1135579064 10.0
14705920.247423975 -67409411.60651577 3053691.9935393217 666188.1456453133 10.0
90811328.38239948 -5240629.005446742 156826.83117097704 2717546.471966808 10.0
-76662020.45533778 -21305445.702805575 779322.088045945 -2804184.7464006557 10.0
17552937.50163841 -48375960.57967855 3401961.122035929 1234381.9170215044 10.0
-73764457.04558165 64775896.12740048 -1728953.064508067 -1968869.4666592828 10.0
-66427261.23360355 3137489.897054407 -150198.9636005238 -3180028.022233817 10.0
-32323987.586071 -48549842.66642143 2829593.144361589 -1883914.11070905 10.0
-96324620.52460049 -5974165.602347464 163587.72868640552 -2637611.163977044 10.0
1982459.515038129 51012636.76213497 -3630776.439078223 141099.6912821731 10.0
85634638.24658246 46754195.0318005 -1259501.2970318757 2306893.271696063 10.0
-55977835.64621616 -16252848.955071636 948141.6959789428 -3265576.4028541036 10.0
70489250.95065467 -25822930.688380636 1030701.1736421097 2813520.8416403444 10.0
7594128.809624447 75660908.39671749 -2962301.0820302977 297327.8601397804 10.0
64861054.54014059 27709272.542170282 -1214439.712868714 2842724.9518085266 10.0
47286187.90610398 -16371527.066552764 1200720.8001374889 3468064.350213609 10.0
-89748016.65025924 -18089897.37156212 536114.0854631852 -2659781.5830744845 10.0
-88189861.28374295 13489943.687499609 -415602.92986611475 -2716984.2649508743 10.0
-89688733.07835904 40268249.02263326 -1072435.1893537364 -2388615.243432227 10.0
73297959.87832153 -39812029.69416476 1356751.1771110417 2497915.682990827 10.0
55985199.16063187 -35376405.327293165 1704137.418445105 2696895.6253768224 10.0
-40807648.37529746 46283331.31203933 -2479032.640583592 -2185743.5374688664 10.0
41221154.17951218 79321352.6670418 -2436501.8428434017 1266183.8804501954 10.0
78190091.01871881 -39772850.46379961 1256712.8977652874 2470592.243573342 10.0
2209095.4921061303 -70439791.81731617 3091012.1610850543 96938.68841644723 10.0
56811167.52592702 -19578443.6198828 1091197.4785328638 3166349.887681765 10.0
1046794.0295621434 -65338471.28373618 3211159.4416312366 51446.29902457479 10.0
80781470.65748563 -44095937.27347438 1296618.4949069747 2375337.851437127 10.0
-3958929.657169302 -68943007.59781261 3118979.7989168004 -179101.87060704085 10.0
-23321212.441805705 50327030.38579273 -3162776.9193137907 -1465609.869605559 10.0
99843439.713152 5354291.485198884 -139032.80333183348 2592595.7441774965 10.0
-89048828.60700223 -8556463.188747985 262535.72521761677 -2732261.950108316 10.0
-61750365.42502838 -58221003.82917998 1933231.8467155525 -2050424.505497043 10.0
41611492.836181596 -87791097.18493877 2380088.335186748 1128121.5508728558 10.0
-56126614.068007365 13707887.041999329 -810355.6566439429 -3317981.76180824 10.0
6139885.496493227 -64904299.7466347 3201041.5343037695 302815.5078610675 10.0
50188742.8920966 78588027.25712435 -2265867.9544288204 1447053.3001190664 10.0
-76233600.63671324 -29576183.387727443 1038441.5968489961 -2676617.90370106 10.0
-36101821.4053254 79464452.35717972 -2530024.0664457623 -1149425.6147069198 10.0
-65036677.90830458 75307714.05898164 -1969742.3301278742 -1701093.9594653822 10.0
-93923634.2921329 -749178.4296526081 21366.43946120366 -2678685.8332395437 10.0
-11600134.069314457 -71596164.2183562 3009157.1090149214 -487548.82724924304 10.0
-52458388.20881495 -73914023.5620308 2223794.028054546 -1578274.930767746 10.0
-81090460.82389693 21042698.95033843 -712442.9782591915 -2745480.9648768115 10.0
-40804078.30465542 -46852010.13350336 2483765.77744776 -2163146.7462039385 10.0
-84548737.26893635 43757582.5645072 -1222986.2014300565 -2363063.335955768 10.0
-61073860.23551476 16311512.608543858 -842555.2776097017 -3154710.694241616 10.0
32733303.702818636 69510601.87157416 -2679574.05176444 1261840.7677241901 10.0
-25213334.570576802 81245594.8792362 -2688318.334673181 -834278.7040341257 10.0
44973680.38486795 -82030571.13621059 2353630.900327 1290390.1848920528 10.0
-61578906.27360663 -44696057.64329237 1748264.5942091688 -2408629.0215447564 10.0
67910214.76289265 34584057.440280676 -1349565.935340391 2650045.1158430134 10.0
32229877.911134135 -72976033.54768358 2658881.2091869167 1174295.3485723285 10.0
52830170.5028958 51841258.5735367 -2113521.540710632 2153838.591686573 10.0
19230736.362177268 46556280.57140268 -3380868.4422815433 1396515.977882003 10.0
46920910.426171824 69299194.78135705 -2349907.9364557588 1591069.2778475566 10.0
-82608257.31120369 49152086.50308753 -1353992.0137526495 -2275608.8017213205 10.0
-37987813.637960054 -73996370.63871586 2532384.655624901 -1300060.4695492382 10.0
-6253680.84530768 -59882321.371666044 3327725.4148392603 -347523.8135151948 10.0
-71055893.94285822 10487302.68032438 -447274.79960656835 -3030475.2034843015 10.0
63540823.434896246 41528225.38389731 -1630203.0419004082 2494314.2330514747 10.0
-14273296.00514747 -57264232.90474211 3279108.8414951013 -817328.5269639911 10.0
-69134279.75240555 -60204720.43598299 1780696.3750897897 -2044809.1189204105 10.0
36063988.95405648 -48813628.693856284 2680316.0183539176 1980243.8348833998 10.0
-69192888.1994474 -1490398.8545327305 67203.08049256589 -3119953.5755403107 10.0
61304868.797795296 -36715183.00574924 1577961.6221086688 2634788.1800338607 10.0
-54977090.2023364 -48456780.55319529 2005261.5951852428 -2275088.1577193537 10.0
-58262223.26152325 47285456.997781254 -1888656.7626290615 -2327086.359212798 10.0
-64193852.72945255 -46807404.417824805 1716051.9050103312 -2353473.443709677 10.0
-281670.4249801004 58766731.985739894 -3386543.78788626 -16231.789580865396 10.0
-62620410.258912876 -8298396.132279762 429121.04498197103 -3238184.2779204785 10.0
-42751917.549781315 25946721.141709935 -1904726.0900846329 -3138380.850261419 10.0
41591011.605980136 62465266.37908574 -2494523.8047819766 1660919.3321365202 10.0
48678361.591273606 -64316320.53834277 2304925.991607382 1744503.1046777612 10.0
58855697.56437103 51343380.14854819 -1931122.2884299657 2213674.850366547 10.0
-22966869.22291692 75972381.57693732 -2789443.135277577 -843264.0173035117 10.0
58188195.40817539 32275330.34913906 -1543750.3879877264 2783179.854891014 10.0
52505753.19606695 -75348690.9959515 2222642.806015352 1548819.66857163 10.0
52129192.95882383 14004179.25246985 -916787.1970190045 3412651.0260966695 10.0
-51296759.48624256 12940291.558173519 -873060.0194816882 -3460907.3246204113 10.0
-65057553.00537033 -25531126.68091541 1134479.3743873143 -2890841.9497159366 10.0
-43426703.23422508 -31186593.604453824 2071077.1302868165 -2883933.1750329915 10.0
-22834842.205139745 -45581167.70029341 3250884.601594765 -1628598.8413600298 10.0
80333052.4826838 6739739.275225926 -241739.15104091552 2881364.265687906 10.0
-45068595.342059985 32064430.738771345 -2023654.1544439017 -2844374.532700827 10.0
-63608070.373345494 -63008532.28193231 1930894.3900277803 -1949267.2150308734 10.0
-48359106.01721974 -44903135.38979804 2174569.894663538 -2341935.705936934 10.0
-67146420.13114013 7120159.6243890785 -333152.67687016446 -3141784.845990362 10.0
7850981.6282401625 -88865341.9751994 2737986.480523456 241892.74557632016 10.0
33957727.33933476 -44665202.14647203 2759065.9632789274 2097642.128317676 10.0
88046826.35892482 -13580282.021493513 419285.7375944139 2718410.3006344703 10.0
33591666.67146968 -61511251.41731224 2721688.885104492 1486330.7720990751 10.0
-83114573.46285002 -1138954.1460949522 39017.48374412427 -2847280.138630109 10.0
47268632.687591165 33731264.444506355 -1978951.389579248 2773163.9439284164 10.0
55489093.9146954 31864288.826121666 -1616194.6650353493 2814472.9054507394 10.0
44302177.591508016 -42574239.866426595 2294920.5975621217 2388063.3028467107 10.0
70277288.1024845 -29636106.99064959 1155090.0058537214 2739111.2183288545 10.0
43434273.52041635 -30195711.542730827 2037523.0009397853 2930824.504722189 10.0
60773960.74293422 -57853707.65102297 1954147.4241176434 2052785.9606787318 10.0
-32749083.001761045 39387524.717177 -2789206.811193851 -2319109.0586362574 10.0
11039563.364083972 -50098425.28570316 3539759.418132381 780012.5087212501 10.0
-28333896.832318045 -71155875.03803709 2756042.6265934203 -1097441.7418888507 10.0
-61287388.57742415 -17690983.761517655 901481.8074836821 -3123029.593804308 10.0
9615870.38712425 -74269018.25624585 2975165.857866521 385205.1628141168 10.0
75988906.61132671 61518335.26281538 -1652080.9642016015 2040689.585742876 10.0
-24143746.455812387 94528301.7037813 -2546623.3851801897 -650440.4312996733 10.0
79761615.56003259 4199048.413930007 -152717.368716054 2900891.547823123 10.0
-81842213.96243559 -35641541.21453375 1097123.0053099939 -2519278.703556071 10.0
61523717.3129756 10458891.553884434 -550772.3459026811 3239880.8170580817 10.0
54646648.57055844 -56088385.053856514 2101322.006387108 2047308.1032081095 10.0
-40468360.22321076 -36230121.150724344 2349627.4743417264 -2624489.45799655 10.0
-62315089.101617135 -47182720.64301296 1772617.785946803 -2341128.9931782233 10.0
34370511.883988835 -46576258.41242444 2745647.864265466 2026125.0208713908 10.0
-23076151.63119952 52248799.14101236 -3142308.2380130365 -1387828.6690696033 10.0
-2488147.406273511 63851555.868524835 -3245263.614344624 -126460.41486180508 10.0
-59448395.5871083 42538975.07682407 -1767001.317344185 -2469391.731387742 10.0
33030967.28861565 71500824.07035378 -2655632.606438508 1226812.6262089033 10.0
-7481591.40970978 -65515883.121232465 3176409.87308129 -362730.3744984649 10.0
-20803854.658449817 70416343.92586514 -2905598.487196153 -858432.0805845894 10.0
-30225798.69767975 -56103549.6805408 2863049.9711628677 -1542468.7489922205 10.0
80711626.55221133 21719414.88610305 -737907.6075498569 2742142.160040747 10.0
-67441948.47414055 -29170548.431181118 1202317.5812540466 -2779743.430459922 10.0
-56180722.401070155 -27778080.027401697 1453490.6616348955 -2939661.6070407364 10.0
68778493.85164836 -30668934.325676557 1218372.7565760165 2732336.319786059 10.0
-32769986.314246435 -54208866.66237335 2791522.7086316803 -1687512.8847005344 10.0
-75345482.45016363 -25210512.873873737 924187.2715941443 -2762075.3374170316 10.0
6140869.256491419 -89305551.70837075 2737500.7758106263 188237.28236618906 10.0
1972780.5260802114 -98500710.08057752 2615047.8460311475 52374.398734771064 10.0
23492752.64485557 73094083.08403544 -2820774.763619674 906609.139790161 10.0
-13836492.23029753 -69220155.04796988 3030067.480376216 -605683.4908914631 10.0
89070476.40029643 -11745746.835247274 358091.81810951757 2715485.807879798 10.0
-78067336.47405972 -30446959.52012206 1030505.3000406089 -2642260.6810182263 10.0
76830451.59112667 -55019798.247672044 1554915.6266283456 2171306.9401342305 10.0
-5465218.1147136055 -96892006.56465454 2631184.610249787 -148412.63283671642 10.0
-80725116.58824179 21689574.916595463 -736824.003598967 -2742340.6786101316 10.0
58556039.720587626 19444740.64125622 -1041604.4828297312 3136695.6543669016 10.0
76315205.87871408 18789748.672891468 -700106.7661155129 2843507.5382498023 10.0
-23715193.387196165 81116032.6890485 -2710576.5664862785 -792467.8430889655 10.0
-64277723.50253021 6791720.345536712 -339314.68665539677 -3211318.2668830454 10.0
22399066.808624364 -90663705.07850999 2608046.5054339096 644335.1048209062 10.0
-26577277.838183872 -88934939.77539772 2581853.489015755 -771559.948073842 10.0
-54033229.78004216 39317377.11769447 -1868597.873700835 -2567983.565483983 10.0
-15791996.11142072 98567425.54440576 -2565711.6824818696 -411065.91441334446 10.0
54638106.10152744 -77998380.74339828 2178930.952281792 1526347.8475320954 10.0
47719323.292980015 -26956358.363429938 1724805.7021724624 3053326.4104102235 10.0
-41905874.64608345 29224167.450443223 -2077650.3459644362 -2979238.1632092353 10.0
53775386.79187049 38490661.417283155 -1858132.3254453193 2596000.713732416 10.0
97150559.83213684 12329885.02215807 -330305.8605016598 2602570.843597 10.0
-81541275.71468742 41013681.76595182 -1221045.5833922748 -2427619.5232549654 10.0
47387968.120905854 -39835456.02602317 2123193.4068677174 2525735.4004793433 10.0
82148891.73534921 53905843.73960298 -1436897.7507449384 2189735.8351519997 10.0
54263458.1291964 -5350289.458775084 344980.6827825391 3498847.114682593 10.0
-54982208.632446975 4494961.430714142 -284808.47924562264 -3483767.206359514 10.0
-31017020.859135684 -45253368.960718416 2891108.078070996 -1981588.5893795816 10.0
-83775417.47766823 -42780768.42903169 1217378.8324997425 -2383931.4642121457 10.0
49772732.65470534 -48347308.116144955 2171547.9789803145 2235571.7663743035 10.0
17406164.09686208 -92505042.01032597 2629748.869582 494825.3561397476 10.0
59667372.20287866 20247061.3228936 -1050963.6104639806 3097152.515971814 10.0
49968784.36545898 22068174.359446034 -1419089.9766319501 3213233.67681087 10.0
85835074.03734061 -49656414.058657184 1305500.0129153419 2256660.944786873 10.0
-39162704.86062921 36637418.72029217 -2421927.438377601 -2588862.228181706 10.0
41334362.76195141 -30496299.30036759 2150565.2412646143 2914853.4696012656 10.0
53299793.99566139 22322878.81972821 -1319320.7063814008 3150109.913341155 10.0
44166154.52258928 65695008.868132256 -2421555.3704972337 1627989.5614759116 10.0
49719775.92322446 -10428817.796861337 747734.1244513049 3564850.1912705936 10.0
-49370842.442087196 -34621299.710796624 1919531.1093394107 -2737299.54546817 10.0
-72784321.45272484 67930324.34831344 -1775292.1256953778 -1902146.5595624181 10.0
125927.04750885014 -90030927.56792445 2736109.3407776225 3827.0201168988738 10.0
-69341477.519406 37356339.82292827 -1387408.1826486178 -2575330.821043693 10.0
-36737961.631338336 49180427.422901876 -2654637.1587938913 -1983023.8002258607 10.0
-79355269.27644126 1619050.2185033697 -59441.677292535176 -2913442.865381161 10.0
79390748.93757929 -1673434.553917809 61395.86833841451 2912730.5622130353 10.0
90995892.94487748 -32679196.46115855 892392.5454499113 2484885.3498305376 10.0
-28413450.473704796 48781745.255780086 -2985743.4525045585 -1739078.28164214 10.0
-52346555.854672484 -27380167.797658633 1565533.3967847836 -2993052.562817298 10.0
71781517.88169856 49746674.07987227 -1582395.7694495437 2283303.8051608014 10.0
-90597985.20463638 3938017.7181021157 -118389.98795427837 -2723678.5471417373 10.0
81429204.77459413 -33237283.064857394 1046145.3251218367 2562988.729767762 10.0
-63020253.826663285 -24700884.124857206 1151525.2097057146 -2937927.6724118195 10.0
61702492.77171464 2587298.3383648964 -138404.492795665 3300702.5473893904 10.0
-80286708.55425677 13341968.174745962 -471749.43805982644 -2838802.277750513 10.0
-36609705.342087485 -38523006.24879796 2581474.6267368533 -2453261.9500810737 10.0
70852401.43545672 -21683510.874315195 882604.638411438 2883972.9189610896 10.0
30878658.360118583 79468132.33206841 -2620785.574118379 1018349.6201995402 10.0
-58315316.78796828 -30472240.237069428 1482265.7261973508 -2836640.651119366 10.0
78700876.60957728 60147265.48179091 -1583957.647468699 2072560.6454373195 10.0
-34801389.65641287 55380099.403589696 -2717978.8898617197 -1708004.2008348396 10.0
29563535.690445077 45735141.45774441 -2954499.5238583116 1909810.4725813158 10.0
-59605999.32672931 -24582630.397945132 1232704.863578805 -2988964.3247728334 10.0
-83592747.66438086 12366107.212999733 -413293.73458365834 -2793794.2208686965 10.0
-90483417.2708867 41004807.2825222 -1075156.3982397283 -2372498.042561342 10.0
-10503101.946794523 59861263.683869146 -3280052.8802536502 -575509.5644842618 10.0
-23583784.390555687 47126831.748707145 -3198163.5147829466 -1600464.0239888802 10.0
81837924.62812702 26859027.629265532 -872303.565912272 2657859.192273636 10.0
-81310293.39852487 32915469.73914011 -1040117.3567927503 -2569376.895422246 10.0
43614154.652927116 33459020.232577477 -2131349.1651959396 2778234.134295868 10.0
-68499474.30005522 72433715.9259097 -1889163.54357675 -1786553.5123754127 10.0
-49145212.847076885 -39656415.79796532 2051571.1370287018 -2542461.2429388585 10.0
-12029530.310615482 -90607708.54892649 2691882.233865173 -357387.68194764236 10.0
51412975.83212924 36016648.5181832 -1880053.9899164045 2683735.836716493 10.0
78910208.15253772 -58780170.564552605 1563469.2949626953 2098899.7874737065 10.0
-23010412.89912025 71673364.22442111 -2849040.877696998 -914671.8264404084 10.0
-30694722.38490293 -56663200.22593258 2843601.1288059894 -1540392.1217663612 10.0
-49142015.7902788 69690935.07610866 -2297610.4697203026 -1620141.9863228719 10.0
61147039.17035513 43280567.26917461 -1732905.5830160577 2448259.1668496574 10.0
32496601.557777245 -77854934.70278369 2608399.742394627 1088744.4380449306 10.0
-61681212.6788241 -67731702.48430902 2005472.900248544 -1826323.507968893 10.0
2770333.663427491 76095637.19652852 -2973162.503425129 108240.79373705205 10.0
-54536841.54794807 -82635393.07873543 2177614.189571209 -1437159.0136450739 10.0
42869236.11803162 -44892905.114996016 2383121.586348699 2275695.941741005 10.0
-52759617.72130832 -21572584.29885103 1301441.003838632 -3182907.0128152906 10.0
-49321947.471590474 38790495.14888736 -2026057.0711906056 -2576122.8377249474 10.0
-44134008.640945405 -86520100.05887909 2346610.415328412 -1197008.8369819017 10.0
3385839.7555806222 61634321.010244906 -3299416.6873677336 181251.22508381153 10.0
65956572.28027869 -5943137.258887506 286302.18669620476 3177364.0836901814 10.0
-65002992.706710294 -62028601.6540745 1890811.7276286944 -1981479.7958247503 10.0
-26899214.202355478 -54086473.61090571 2990858.472977752 -1487465.1154431428 10.0
638176.2591268476 56941189.93499261 -3440137.230458905 38555.813658331885 10.0
53785335.11016715 19735424.38981293 -1181511.1552821659 3219995.2819891907 10.0
-80906768.5312175 -25358207.14247375 843237.0381338118 -2690394.611808758 10.0
71911060.77973396 -12847841.434007317 534234.4752173909 2990180.7253239476 10.0
60298668.11655103 8967431.821186703 -489115.1138044454 3288900.379303959 10.0
-80727128.72032969 18244784.018373862 -629090.3746756766 -2783516.6260132114 10.0
15401649.377938189 66054807.30848406 -3069970.8891700655 715808.8436267608 10.0
-47093893.78602442 -35204131.77858233 2027138.5708804943 -2711779.6611782755 10.0
51742282.15695301 54516551.56495671 -2172007.395302687 2061477.04263417 10.0
-51863083.853685595 -80440774.24255419 2230318.518431065 -1437967.2178817322 10.0
-10722088.842858672 66821625.37568333 -3115955.7015091707 -499981.1614003514 10.0
-43156131.06821437 85164345.00444338 -2370038.1790138097 -1200991.7798916392 10.0
13285813.383395124 89338666.53419314 -2701999.254492632 401822.18125588755 10.0
51967744.62635411 46795069.848570324 -2077399.836166875 2307033.2947915955 10.0
-83096559.89780882 31374027.057314403 -973012.8167508697 -2577100.4041262968 10.0
35786475.14451508 -47080550.29788722 2687673.2429655665 2042931.7647606542 10.0
-77350568.0323126 7050967.270627279 -267416.3887141187 -2933613.0454547685 10.0
-58799073.79470477 4146468.065316124 -237868.40495016135 -3373097.7004466425 10.0
-55992094.148101725 13692895.049295133 -812298.5979731608 -3321598.493988715 10.0
-62436973.08121683 28963980.50678366 -1316863.8300896243 -2838732.4557022457 10.0
-7343243.559394776 56013134.10413406 -3424794.0544138276 -448985.71173634304 10.0
-70238834.80418123 43946884.92350925 -1512815.812619498 -2417882.8632946294 10.0
90961101.7347606 41534287.23451334 -1078372.1507717501 2361661.303116644 10.0
84275986.38978717 35573213.787756614 -1055579.306428435 2500757.671001362 10.0
-83864127.72060513 -39811265.55360485 1155516.6218474084 -2434145.014240034 10.0
-88509684.65833415 43425731.3836843 -1151689.710100761 -2347356.9659569487 10.0
19990171.180214416 46102969.90466208 -3360091.504091018 1456930.0955418763 10.0
37595365.7145128 44624324.374798745 -2599192.5913920277 2189783.2046734765 10.0
44599560.88830481 -41859341.79440963 2271711.821167754 2420423.861093394 10.0
-85779388.69098845 19364775.503026538 -609645.3660721909 -2700522.2349101426 10.0
44015720.14959174 26466358.074124638 -1866750.8021311462 3104559.405774912 10.0
-48645700.327734105 28160283.60212686 -1734853.9575303076 -2996886.924960831 10.0
-85388111.83026546 36496315.492128186 -1058841.6104556115 -2477304.4792322395 10.0
-87869201.49003635 18899747.25348453 -575837.7256725506 -2677199.8833665275 10.0
-88242856.9614911 -12444902.477717146 384049.55364270764 -2723173.595686911 10.0
14139918.546672402 49765755.05160683 -3471977.2811168046 986491.1302959042 10.0
42723043.17121641 -67210252.11090912 2455112.1042216658 1560622.9276710774 10.0
-57965786.07228846 -62238483.13033397 2060014.738648891 -1918593.8930456399 10.0
-69828947.36238411 -21231936.013469115 884026.0108716252 -2907441.2121896213 10.0
-40191555.06026924 62347445.88653793 -2533522.2506230045 -1633205.62028537 10.0
30734871.885474358 -43365192.90795799 2905276.8642459526 2059101.0030545883 10.0
45587514.54305979 -22598983.314620096 1616508.2413889985 3260880.8961606063 10.0
-20468676.668647688 -64245721.407608286 3012435.3447745508 -959761.4238960722 10.0
-81510204.25453083 -22235656.58654103 743330.7234998445 -2724859.455592344 10.0
23596838.093540847 -75505850.73066238 2786036.394511777 870682.8555381005 10.0
31013823.282703638 -88471375.27145985 2530326.6588547584 887011.2350401187 10.0
49020673.44122844 -70167418.80837081 2300346.9366677203 1607078.5828944584 10.0
47610298.632071756 -86636452.6435226 2288350.275405477 1257542.7162873803 10.0
-74757408.45479642 51181624.45258215 -1540837.7991642158 -2250593.6837043376 10.0
-13666430.313304437 -88468964.1158073 2711771.134655323 -418906.58049171953 10.0
46197475.89280113 -63305365.968390904 2368917.7655395768 1728732.149186004 10.0
64623484.65338206 -72339260.46500866 1965806.450686484 1756131.6245264474 10.0
-63294654.60059275 -74663935.19571115 2001637.976013218 -1696843.1143509254 10.0
59317582.27958658 11214217.808924505 -620705.0565844892 3283218.133680691 10.0
24697018.501632065 -44224449.25035734 3184801.06185127 1778543.138056665 10.0
72630303.04809584 45434926.62061965 -1487545.3427413788 2377925.4656495466 10.0
-50803201.79323172 -50460224.720144264 2162066.066372313 -2176761.583393466 10.0
-47855729.57719301 -47133009.92910347 2222800.970736253 -2256884.5554205324 10.0
26175146.88613979 67973152.46800874 -2838725.3238067487 1093138.2409403075 10.0
13227687.800055956 -91381560.18483622 2673906.901224954 387054.0798852322 10.0
-58255831.71555564 69833910.14617549 -2090483.849164567 -1743893.1182015094 10.0
-82005993.32720965 6885249.250399288 -239438.0485814299 -2851800.174570318 10.0
35202505.68099637 -59824318.24450128 2685631.5110056135 1580309.8354894777 10.0
-57948088.87536142 52818149.35999685 -1975043.2961938507 -2166868.507271283 10.0
52949167.81791613 -46716951.17679726 2044016.949351426 2316696.4827025644 10.0
24929232.892717995 88128654.56414928 -2610347.7224741387 738397.3649247776 10.0
-39335080.406824455 44763516.66884961 -2526324.9890011386 -2219959.5557085066 10.0
-71874361.68065096 54303489.966232456 -1648920.0920948605 -2182457.8706711954 10.0
-7441277.687431957 87686430.97592017 -2757569.3258590973 -234013.84761226166 10.0
64507523.65545777 -48061161.461471304 1729381.6071297976 2321169.9746513753 10.0
-80700545.81320454 52470334.77179444 -1442396.3367897847 -2218437.7546696104 10.0
33111118.186446056 79685855.36945565 -2580839.3110063546 1072392.0205255514 10.0
51457542.68701533 -16435263.047412772 1074714.2930373142 3364847.6723966235 10.0
31179564.378421076 52015298.7966224 -2859392.759946447 1714007.6612946533 10.0
80590792.51545188 -32959022.256777152 1053178.4477683885 2575212.489757498 10.0
57589675.884499185 44041230.37069909 -1852189.5695630864 2421980.4054056224 10.0
-52945561.46966299 -45140907.68981154 2019311.7058179334 -2368441.3433034304 10.0
87326265.92408754 45175198.89631221 -1203018.1311125394 2325503.4575533085 10.0
-22404163.645150844 60071772.12951769 -3037905.801192327 -1133007.0063809927 10.0
-40463213.0151103 -64851879.846390225 2519262.8861279204 -1571850.6702335724 10.0
64942402.29012259 5260917.266751839 -259697.84816922835 3205791.1718688044 10.0
-54123695.74435787 -40129551.24440748 1883735.474472333 -2540639.566643615 10.0
55675794.91045567 -55447866.51953459 2066693.6311927629 2075189.1456904875 10.0
48975229.883725986 -29730941.874026045 1779855.9793993297 2931923.789039462 10.0
-77257036.2623929 18571895.08691932 -680738.2926248189 -2831796.2551682126 10.0
78190757.78813809 54589599.112241015 -1521879.0063273953 2179845.1481926003 10.0
-34296264.31977188 66877086.80143107 -2664657.4481642954 -1366503.8436144313 10.0
-19253881.429912034 -71089253.42195286 2919916.8699128334 -790833.0794361742 10.0
23291032.94394676 49566926.88759569 -3175055.453067963 1491928.7073003931 10.0
-21951542.522085633 -69336490.5452283 2902256.667429913 -918838.1203622756 10.0
-76904394.17737244 -24385401.286413547 873629.8653885444 -2755172.0287005673 10.0
-17440531.26572348 61665220.639924236 -3120648.3147726245 -882600.6610909959 10.0
61411479.84753145 34430394.2106005 -1513106.361409766 2698839.2945056213 10.0
5003869.332393716 61883685.49398552 -3284121.0769404434 265551.6168694779 10.0
58335668.89333032 39788839.3336893 -1740859.8834219465 2552329.4333192096 10.0
11336269.323069215 59765125.32054668 -3270340.199496213 620319.2427140025 10.0
57820287.055294365 -64815652.3997444 2078727.6929442724 1854376.6430761346 10.0
-49376739.916423716 -21104636.59635984 1392423.8704513377 -3257736.800668458 10.0
-28833508.055664394 -88231070.39106098 2561348.7408321947 -837036.9896320924 10.0
-15944153.071585238 -82602295.14849848 2779193.7168727545 -536448.6538509047 10.0
-3025635.8693395033 -51328073.803345405 3614286.9414140666 -213051.36549493935 10.0
10825139.276497196 -93759659.32706676 2654658.835053186 306496.97137645906 10.0
-33759235.037003316 -87725426.91346787 2499104.58907241 -961726.4021726486 10.0
56416240.15944452 -74455981.39096688 2140917.9275025846 1622200.630536576 10.0
-88735010.01904488 -5048888.9983545095 156433.75447290306 -2749347.5841900837 10.0
28901877.665002495 -53224221.29197855 2931603.0777636436 1591922.4642303814 10.0
22956261.685180444 75058578.99304692 -2802228.196930532 857046.3850146666 10.0
-23086967.93627102 50731837.13655526 -3165068.971218121 -1440354.8142345215 10.0
-83644945.66855472 -30466899.46142703 941717.6693938598 -2585426.304744103 10.0
-58784196.86867514 22333991.273863737 -1162751.0785229376 -3060419.7642516615 10.0
71179977.50976461 54601601.59125382 -1668293.379425267 2174827.8762248093 10.0
89870895.89281198 24754083.806982826 -714050.8129769682 2592395.936590011 10.0
-50040799.079947256 -17622396.406845875 1183937.7839873957 -3361926.0061960663 10.0
-9097172.724524284 67537423.77065983 -3116742.4814526946 -419819.75486537826 10.0
-26403652.34404494 -73309935.75641339 2767074.2473357376 -996602.5161933257 10.0
-15896359.54865272 87148252.96357115 -2713561.271263896 -494969.71147937095 10.0
-58228706.682344824 2226266.6599884876 -129934.84483293803 -3398486.849563772 10.0
-23361278.458298054 -51788495.15538447 3139666.5285058194 -1416272.5489233788 10.0
-64111743.41496162 28215752.564514652 -1249529.2569824597 -2839176.411473648 10.0
-56539330.30864544 -65656408.332865335 2113427.270282317 -1819955.8207934645 10.0
81734912.19318198 -36903370.082198404 1128117.9603731853 2498596.2590753427 10.0
29546796.256008804 -41436741.080027886 2963047.5376186175 2112824.50330254 10.0
-54549110.580079146 74297331.84591231 -2179735.657753807 -1600362.1997725314 10.0
-20130333.700372864 -95933210.860322 2566316.6426472715 -538508.092599213 10.0
66544427.978237 55386757.85838413 -1784925.3590739602 2144498.8223921866 10.0
55097156.94517628 -32503454.70042117 1649278.9652979102 2795720.7267638366 10.0
73022093.95012653 10779086.966758823 -441274.9698465896 2989383.2757215463 10.0
-47613823.74277257 25946195.95872676 -1686987.9523957625 -3095788.96071416 10.0
-62429299.35525394 27444530.142975505 -1265180.9128835548 -2877963.570062326 10.0
-47180097.66633755 -23547303.815196086 1596563.9750624886 -3198924.3806925016 10.0
51271806.36319897 -19554242.6941539 1248877.5764178124 3274594.1773842718 10.0
-832995.1954130881 66735751.92653216 -3177605.114254154 -39662.845126967484 10.0
32522603.667917244 83075591.31079604 -2559459.802802966 1001982.5975010431 10.0
68029402.53473464 7352542.673756262 -337240.5634449301 3120318.379589238 10.0
-46331421.91231763 45570783.727627404 -2258279.6919917413 -2295973.4427884393 10.0
90915964.00241904 -12149936.290117063 359068.96679738094 2686853.6986725177 10.0
6681947.49571933 77628157.49729098 -2930325.7088610716 252231.70513417773 10.0
-46098059.31806118 29106105.376089565 -1877179.9764615924 -2973065.368501361 10.0
-63636938.08098673 71206258.79989664 -1980853.2524916641 -1770285.897628372 10.0
-77973207.68483435 -37297608.89682854 1204979.9447636942 -2519093.1608784436 10.0
74839295.25234805 -52131566.07200522 1553789.7205825648 2230597.245019022 10.0
-52697037.38443096 -39738130.6050918 1924040.6424399612 -2551484.9370098845 10.0
-29103499.01779847 60090532.71536687 -2859494.7270084517 -1384932.0053973878 10.0
-26273639.518574703 -59155544.168323144 2949100.4430765854 -1309828.233935077 10.0
-56601195.87261705 80951628.80159871 -2140784.4028680874 -1496831.6153928596 10.0
-58524753.25586432 -63382737.319955856 2053577.1028391623 -1896180.2269419308 10.0
-62054594.72110254 -18030928.395093437 901127.9810267921 -3101289.6523775025 10.0
-23163237.687278036 -83788098.89875972 2683805.465606935 -741938.589409737 10.0
-92502828.74405919 20886851.277796783 -587182.6984289521 -2600490.6087490153 10.0
87959434.94451304 18537833.352436576 -564689.4882972254 2679372.9000267256 10.0
-88080763.26613079 404086.5212058617 -12690.415835816953 -2766193.5113492613 10.0
3288872.154495263 -60033590.98040465 3343156.2474650326 183151.02113421017 10.0
43121327.69622208 -35649032.62905411 2211505.2458354565 2675052.739856499 10.0
29219961.609806295 94621317.74714495 -2492681.618510194 769763.7586592943 10.0
-12107241.914739512 50271180.06996338 -3509984.178891332 -845339.7654799998 10.0
-61570525.346584685 -26279337.493085045 1245587.9530490825 -2918319.560178757 10.0
-57697783.264464 -37142671.55586691 1696420.0257478277 -2635235.1855970337 10.0
-22188381.788910482 92693774.47945082 -2586164.663618343 -619057.8520251559 10.0
67055390.79615788 -39087253.02152542 1484015.595907154 2545874.6276272293 10.0
5448238.280773929 -56998227.44877031 3415362.2342704847 326461.1567822269 10.0
-94380395.4814166 -32052604.379309915 836212.0730099656 -2462265.6313057747 10.0
20721496.96288664 47760092.29458151 -3300800.22840394 1432106.1501744126 10.0
-7004446.975447707 50361274.07232155 -3606126.038988978 -501554.40052224207 10.0
-15180959.91646762 -76762889.57839273 2879107.7683245963 -569384.762170666 10.0
-36910123.3134759 -38390710.709909774 2564501.846985553 -2465598.517441354 10.0
-44296315.19498099 89347551.40630543 -2329185.8852197593 -1154752.9898185215 10.0
74190995.03810588 51618710.316372775 -1559619.29635588 2241623.3719921457 10.0
-48135953.61196654 -60022301.6805419 2308953.8305635364 -1851706.6385044933 10.0
-79834809.14958167 -12918983.272711184 461158.5096981309 -2849798.6902129846 10.0
-90357530.34069696 -14303201.874493618 424380.5934833387 -2680936.946017294 10.0
32287211.413348675 64864955.31976496 -2730392.9710049015 1359081.7208116422 10.0
-6389526.456563841 68913148.94077095 -3107354.016854062 -288109.3231955399 10.0
18003161.821455155 70495355.80433545 -2948970.346464065 753110.4673252841 10.0
53558568.96198871 6745648.398725112 -441553.97296482034 3505815.5293041887 10.0
13961624.947515916 -68654705.2874498 3039454.1157516204 618103.5696189211 10.0
-22461162.02839226 -70599383.96097594 2874247.6229127496 -914440.579306609 10.0
-68620572.11132477 -6936479.215267827 314395.39875262324 -3110222.270123257 10.0
51972868.62009704 36149185.08009833 -1863105.0170350377 2678647.1689818325 10.0
62649428.71307049 54902434.99948591 -1874727.6007058606 2139260.5478782 10.0
47443473.264455244 54735204.63949442 -2305017.417584126 1997946.8962530997 10.0
2419075.932613671 78698582.42357257 -2924414.171343155 89892.08853616646 10.0
21721602.105268717 60850783.794085905 -3041805.165188722 1085818.084177286 10.0
-54157182.12721599 24930153.23989278 -1405949.8305693157 -3054224.3484500283 10.0
22283641.171300847 -50708430.8799708 3193586.055677369 1403410.132781168 10.0
-50502719.47396825 59590977.900557026 -2240924.1811514674 -1899159.3907383534 10.0
65520021.647825755 7508542.069674242 -363977.61900097685 3176092.143451587 10.0
-79918043.20623647 -37935831.67400747 1183651.364458769 -2493555.4780719485 10.0
92421708.61167972 -26905324.863667842 739623.3471116313 2540658.9147508885 10.0
-38439330.457496256 42348912.978947505 -2541912.267426354 -2307247.0759789874 10.0
12245195.086965328 -81312319.00806895 2831048.810792658 426340.6260180228 10.0
-24643946.639923047 46260651.77265748 -3164853.370722816 -1685978.7876437264 10.0
-7465650.865006429 -72596875.90179262 3023043.660901286 -310880.98821897927 10.0
30550163.20638389 -69169776.1035926 2731028.8266242854 1206211.4564279695 10.0
-90014553.0585772 -34328323.90773283 942507.0068622769 -2471409.5335768554 10.0
17794981.101456344 -55364167.30421259 3241102.2804058464 1041745.1690512582 10.0
-67798613.89080545 18020145.126209415 -796201.903202 -2995613.2448569234 10.0
-70645401.4309314 -46134421.18848402 1545373.8918977873 -2366423.077206649 10.0
-86421627.218693 3660954.22197876 -118142.62196407943 -2788911.582865972 10.0
33667044.531331494 -89546728.44032484 2484503.347212672 934103.1915486888 10.0
-58865220.505381785 23026655.441039693 -1189584.8319016746 -3041048.389291738 10.0
27616251.427757055 -47272458.50865187 3029603.8196745026 1769874.1180408776 10.0
-37761509.32987581 72373133.33380705 -2547509.191237479 -1329192.031097573 10.0
-79707037.24319577 1974419.4622102121 -71998.68604901008 -2906576.8749794713 10.0
11075573.069928497 54837992.314824775 -3402251.255130075 687149.196894691 10.0
77046736.8659989 -12680973.751060916 477139.141272055 2898989.824261809 10.0
85010011.95823029 -28735785.209565993 877621.1708422764 2596295.3747044937 10.0
-64560523.46559818 38615565.34425329 -1536472.3019865488 -2568794.6096950346 10.0
-47536507.3072859 36773760.82868806 -2049059.516187534 -2648767.2315615984 10.0
81450897.9546146 56363120.65504082 -1484356.9740229694 2145058.80821119 10.0
37821725.51198107 68483431.26683612 -2569373.4831413184 1419002.1851926874 10.0
-65398018.82861124 44801027.752042525 -1647931.2326587518 -2405557.2648500274 10.0
50917659.753381096 54402364.86378299 -2195823.4157875273 2055171.495642252 10.0
-53701859.76419116 77942238.17902257 -2197416.849032322 -1514010.557397165 10.0
51063412.12211509 78146475.58607599 -2249382.595939485 1469818.6918264139 10.0
-19843441.28485219 57927025.146810584 -3138689.2597657684 -1075187.2011329662 10.0
39728296.14449199 53424796.63958599 -2553188.3688932187 1898628.165425775 10.0
8328016.8194237305 49360997.34637794 -3618226.5961244763 610454.6822172753 10.0
42054163.71677438 48032470.80664063 -2444643.533521027 2140373.7442887 10.0
-56300674.64633075 6915275.192709324 -420234.4887327071 -3421336.760430177 10.0
61768017.34193151 -2222683.299198212 118751.89469183274 3300096.3715156033 10.0
69389426.63907963 -50947353.55685235 1656017.1472172444 2255467.1111947023 10.0
41801180.39537658 80363043.14913356 -2419943.6706548426 1258744.0440249613 10.0
46754753.03303136 -43048932.153073594 2205816.6097260597 2395701.9527727594 10.0
-61921620.20932412 -31637098.717060942 1416498.8723184294 -2772438.3320692196 10.0
11594076.252249656 -62245048.737656966 3207512.7076177164 597447.4703829978 10.0
-48253930.20408334 31841090.93945476 -1880546.6983054145 -2849895.102466697 10.0
-44195292.878935166 43465384.27254588 -2312150.7970890277 -2350978.4479728388 10.0
-49981279.3292286 4171991.5614766944 -304930.42014811817 -3653126.3979852307 10.0
89387354.60799454 39841045.629403 -1068377.3736267867 2397011.0634108493 10.0
85813056.47268759 23190258.546032 -718367.0834464636 2658240.0958379637 10.0
74001596.22853453 -48032048.52203476 1504830.7148227035 2318449.4181946083 10.0
12712737.76616883 -64760389.77590045 3135878.7308197757 615586.226540185 10.0
27397349.806189366 68386969.57782665 -2807759.413094861 1124851.229511456 10.0
-35711610.29249261 -40366703.88562198 2648604.994033533 -2343167.518301274 10.0
-80054075.7641254 38336783.278924175 -1190196.273813108 -2485343.175111798 10.0
75332894.86883782 46523498.012116134 -1449729.007886942 2347464.99308821 10.0
34923063.159544446 -42818433.718001276 2706521.63543161 2207461.081817071 10.0
-33700147.570983574 -46123812.64088453 2773522.9084042246 -2026461.5163637837 10.0
16011858.923662724 68196906.33183733 -3019739.351703742 709000.4970378013 10.0
7836852.42980739 -51321890.50238519 3561811.1723893494 543888.5486799693 10.0
-93522195.88977797 -33159525.791450165 870953.2927961804 -2456412.222901373 10.0
51116910.00543885 22592298.092908032 -1403863.3095761093 3176354.7984552365 10.0
-92627981.38182871 19662190.698254585 -553978.6333570679 -2609776.4650957505 10.0
64659315.095403954 -55201773.46449628 1828169.8396609311 2141384.2761152843 10.0
-77499362.65820533 -55247220.274775416 1544726.2379512764 -2166901.7613414726 10.0
-20707580.252985008 74216513.88724974 -2848793.588101932 -794858.4319041227 10.0
15882512.432229405 -48152372.785539076 3462446.6706948667 1142048.6491531236 10.0
23359942.232549123 73182232.68649882 -2821781.5784074855 900719.3719662357 10.0
-56572009.694604725 81957669.81398717 -2141013.830026947 -1477853.8167747692 10.0
-52124924.78181685 -50407276.70045776 2119404.5356636173 -2191624.091501541 10.0
-27342229.223740768 -63193189.831574224 2871437.4338122024 -1242404.454121973 10.0
-12025159.963667303 -73834037.1940193 2962608.3217876353 -482512.40665022196 10.0
1387021.0357178207 73992071.74420139 -3017330.7440814455 56561.48172506127 10.0
-62394692.01085614 42616900.50674958 -1684514.6271171502 -2466269.721565285 10.0
-59572450.157147184 8250258.316078635 -459241.57113447576 -3316035.0328887524 10.0
83386896.32218267 37693981.06789828 -1117877.0598727704 2472975.6807763632 10.0
27852642.40026341 -92032326.86039515 2534048.003125693 766903.7094240264 10.0
-81407811.98555452 7525074.67775224 -264283.66580379684 -2859075.27804563 10.0
-57881512.29920716 18416398.527635425 -1009984.9771791003 -3174315.42279469 10.0
18071256.445721053 -76579909.15549278 2848534.0449424423 672194.4409205368 10.0
-70037336.99072269 -7618226.306011919 334470.7607933646 -3074920.6503280303 10.0
-70504894.92550586 -16735499.957770308 704346.013179002 -2967335.4112930093 10.0
-51576159.093860775 -17916531.021485634 1152925.4276730744 -3318916.2126147603 10.0
90909543.34877063 -21618561.873063073 621333.7025909676 2612808.5439451346 10.0
-94536337.41508418 -20752844.37928843 565821.4177619182 -2577510.990233527 10.0
80940702.61340651 -56850071.92619874 1500361.8253431567 2136151.04085108 10.0
-29440237.832587563 59151380.675146736 -2859307.583294994 -1423106.178214613 10.0
1930369.6015736407 -68371691.77583921 3137850.4934673584 88592.3845022173 10.0
-19382589.18818996 55892605.98434871 -3189070.769171459 -1105914.5932151447 10.0
-68899966.55565724 -69342798.85761455 1862673.990926088 -1850778.708001447 10.0
-33448652.170741145 41885303.79567237 -2770883.3580520544 -2212764.508079189 10.0
-16185857.775355227 -60609747.90141836 3166799.3029506244 -845695.0390888093 10.0
89468485.90349647 12057944.583092889 -364951.2584216691 2707894.0605967846 10.0
-22883641.095763005 -60955958.92403483 3012147.773721626 -1130798.5272965448 10.0
78745477.73172098 -50246883.94596557 1444916.0724861983 2264431.0945236906 10.0
82798554.35040388 -29737386.935394976 935579.5101248441 2604957.5602082824 10.0
16328779.725637699 -66914339.71481278 3038993.6543350467 741590.7887717333 10.0
84002743.78509207 25791580.85203962 -812876.6073288076 2647525.3985424773 10.0
-42100255.427109905 -36129108.43701192 2269931.881221122 -2645089.1299506715 10.0
68868082.25719833 32407505.67271888 -1267052.4128605807 2692569.7606687583 10.0
-66069525.136742495 -31937094.219516557 1318944.074013758 -2728551.5724457367 10.0
-32077132.843532328 57894030.28497757 -2791315.858953038 -1546574.131653233 10.0
12349274.882941706 81624023.89637253 -2825200.2070273785 427437.5642178483 10.0
-61792961.19610928 -17223783.080837373 870319.751293492 -3122405.476629564 10.0
-58960939.15019138 14463082.859735325 -793801.7453801726 -3236052.5664258394 10.0
-15328371.31116665 -52038386.212738894 3381164.628645532 -995952.2318809777 10.0
19400826.052123465 -79686366.78567354 2785360.1539682252 678137.1772789706 10.0
2955908.4482483002 98609468.35527928 -2612631.1036308673 78315.99216775727 10.0
-70700205.8827205 -17210276.046785176 719840.0137254766 -2957119.1673313207 10.0
85460816.48598652 9931191.044039948 -323081.10988561466 2780207.8642514427 10.0
75498542.87112154 -32880965.106074482 1142339.4456598049 2622945.0179851004 10.0
8524299.283496339 78648642.44096132 -2901885.8161493526 314519.6460569417 10.0
66407173.734512426 -7184893.358878409 341693.73514779983 3158142.243811474 10.0
18168049.80230986 -69036693.76652545 2971520.430311285 782000.5307475163 10.0
-51150200.12123199 85509330.15076126 -2231983.303109413 -1335133.7499663301 10.0
47940729.58232529 49196037.557899006 -2243379.3005814804 2186136.2365452233 10.0
58860703.251368865 12204510.387889696 -679831.586995767 3278735.81416027 10.0
8159185.37508206 74075199.65713903 -2989272.6339407023 329260.3957852634 10.0
-55458930.586933784 14636123.371791134 -874718.0472459208 -3314465.602199494 10.0
5492497.210900333 92915633.52216196 -2686268.160759987 158792.6576121922 10.0
-69414737.16704395 -66056874.65969603 1828302.1449854155 -1921240.0451869834 10.0
-49386655.19657442 -24793074.374191485 1566882.6618022225 -3121157.650076247 10.0
-81981433.12302276 -44410066.56807105 1280637.6542338643 -2364070.0930829174 10.0
-61600519.23900634 73821463.9725364 -2032869.2962701363 -1696333.2539959005 10.0
41110275.38886296 30919513.49538928 -2175762.429784745 2892871.929648269 10.0
-23671980.732764166 -50385053.422532305 3149298.151971377 -1479607.941466571 10.0
-49071407.64656959 11023612.725028971 -802370.4208732407 -3571737.051032598 10.0
-68376065.24490137 51997611.48207024 -1695561.4631780342 -2229637.4377307426 10.0
-30140802.267041598 60123734.01350373 -2829971.6897404864 -1418701.2586848955 10.0
62717461.38209109 61461260.44358862 -1939098.1793860889 1978731.225230129 10.0
22546681.493337598 -54681633.596715584 3120801.7032299843 1286788.9523113715 10.0
52877028.50591221 10633566.064433059 -696939.6469824332 3465638.6537769935 10.0
-53564425.95488886 -21554819.448120475 1275480.3946876253 -3169610.180340206 10.0
46958630.68772965 -83464137.48097926 2312086.143572045 1300826.9492865652 10.0
61114426.44035879 21600150.67860888 -1074559.2843831326 3040306.3070422513 10.0
-40195440.011811174 -90518516.87105972 2384183.5407428453 -1058714.9436571924 10.0
-68500302.90404977 -64566731.58343546 1835358.9996727519 -1947173.7895357755 10.0
73510288.6805015 -8217858.9581657825 335367.51149325236 2999925.24931736 10.0
19394388.176045004 -49792345.955177926 3309329.707434239 1289001.827836608 10.0
86402212.3605396 -35962851.22971614 1031229.8609017232 2477571.671529107 10.0
16648736.643290933 77756527.26761751 -2846827.350102859 609544.696584191 10.0
-54436640.31133109 -54449829.338996686 2092368.0860906919 -2091861.2653915444 10.0
-64744998.37540015 -18062508.705789033 850914.9647984813 -3050101.672522611 10.0
29831477.456223138 76313953.45307872 -2671226.2885072767 1044194.7140776868 10.0
-53699521.27815065 -64834677.84623523 2179126.7013557837 -1804868.390720878 10.0
810928.2234433163 70202715.8059093 -3098200.596844474 35788.05003521856 10.0
-57178075.659246996 39562626.60883471 -1771532.4726548484 -2560315.7938874606 10.0
42548947.122675434 -68890120.0023533 2454678.887567997 1516095.5182936338 10.0
80976980.84604974 44276220.91358034 -1296463.9752777126 2371108.8328556144 10.0
56614386.229897514 -68145727.6720585 2121566.4276038967 1762563.6301481538 10.0
1282661.7771341384 -57641386.62061735 3418231.647413448 76064.01123527532 10.0
-53886748.34847797 -21749504.080319677 1274671.0584218763 -3158135.390057966 10.0
62100765.65338769 58661581.87679266 -1928833.8808366351 2041916.6511692323 10.0
4678983.224588983 -90837252.34090851 2718534.72995864 140030.41779821186 10.0
26787490.182311967 44869672.280396596 -3083604.0830827514 1840931.9681571382 10.0
38438575.83992704 -71068049.6420713 2540444.236500889 1374050.0681200188 10.0
-91477388.71470751 2775805.428033522 -82309.233065216 -2712522.150102695 10.0
63097723.22906691 64941287.724448144 -1956781.5952164547 1901232.141231753 10.0
57958007.65741783 -22146632.051085126 1176455.756122954 3078799.14041587 10.0
59491473.95064702 -32937277.448489588 1524920.6764928615 2754319.292001418 10.0
-61123344.79510782 -19128629.862931754 968879.194407953 -3095942.4427655824 10.0
23875295.91468258 75161845.80976613 -2786246.503498056 885056.2282708362 10.0
50682699.27742116 43075498.52711716 -2061491.9880994218 2425554.713658901 10.0
-70607163.80659397 -37522274.09573839 1362465.9652153754 -2563806.6962950183 10.0
-55457454.75662784 -51414484.17143297 2029675.3860149782 -2189278.618749772 10.0
9867237.096840877 82862886.4905178 -2822043.42801949 336046.3626262449 10.0
82161406.99105543 -54695519.345039554 1448079.3945612754 2175246.563459138 10.0
-66338025.42025651 -38768664.85474295 1494394.3286617955 -2557095.255513427 10.0
-59652323.25573098 30458302.030941527 -1442558.239942705 -2825237.938637006 10.0
1590715.947509649 -97420367.0735811 2629772.8461131137 42939.90805311175 10.0
-37413969.13761466 44093895.12136188 -2603162.2831153744 -2208800.85673123 10.0
-63456315.10331778 54259054.501372255 -1846471.4189891526 -2159460.264639935 10.0
67090646.258476965 -18795665.501456685 839042.2858795403 2994939.9340760484 10.0
-2422918.8306285134 -71912517.10335137 3058849.8382246597 -103060.56819632747 10.0
-70993509.58583474 60563854.013898164 -1744224.7187702795 -2044596.3406399402 10.0
